2.285263987391646656e-01
2.466509062253743056e-01
2.758077226162332085e-01
2.194641449960598734e-01
3.349093774625689357e-01
3.289992119779353574e-01
3.735224586288415360e-01
2.612293144208037710e-01
2.990543735224586164e-01
2.974783293932229955e-01
6.249014972419226766e-01
3.356973995271867461e-01
2.888100866824270807e-01
2.990543735224586164e-01
3.514578408195428993e-01
3.479117415287627524e-01
3.546099290780141411e-01
3.940110323089046074e-01
3.364854215918045566e-01
4.058313632781717639e-01
3.593380614657210037e-01
2.588652482269503396e-01
2.494089834515366144e-01
2.970843183609140903e-01
2.758077226162332085e-01
1.713947990543734923e-01
1.784869976359337862e-01
2.222222222222221821e-01
2.391646966115051065e-01
1.997635933806146402e-01
2.612293144208037710e-01
2.356185973207249595e-01
9.259259259259258745e-02
9.141055949566587180e-02
1.122931442080378206e-01
1.733648542159180184e-01
1.379038613081166043e-01
1.970055161544523037e-01
2.797478329393222607e-01
2.336485421591804335e-01
2.352245862884160543e-01
1.560283687943262443e-01
3.089046493301812468e-01
1.154452324665090485e-01
1.067769897557131614e-01
1.836091410559495540e-01
1.481481481481481399e-01
1.576044129235618374e-01
1.733648542159180184e-01
1.260835303388494755e-01
1.800630417651694071e-01
1.497241922773837608e-01
1.418439716312056564e-01
1.249014972419227598e-01
8.668242710795900918e-02
1.536643026004727852e-01
1.103230890464932945e-01
9.850275807722615184e-02
7.880220646178091870e-02
2.639873916469660797e-02
0.000000000000000000e+00
1.182033096926713919e-02
6.698187549251378298e-03
5.397951142631993160e-02
8.156028368794325523e-02
1.052009456264775267e-01
7.407407407407406996e-02
4.846335697399527243e-02
3.230890464933017237e-02
9.495665878644601876e-02
5.200945626477540551e-02
1.654846335697399487e-02
4.018912529550826979e-02
4.412923561859731503e-02
2.679275019700551319e-02
2.561071710007880101e-02
0.000000000000000000e+00
0.000000000000000000e+00
3.388494877856579324e-02
1.260835303388494789e-02
7.013396375098501778e-02
9.338061465721038401e-02
2.679275019700551319e-02
7.880220646178091870e-02
4.925137903861307592e-02
2.797478329393222538e-02
2.127659574468085055e-02
3.703703703703703498e-02
4.925137903861307592e-02
5.082742316784869679e-02
1.418439716312056703e-02
2.521670606776989579e-02
4.649330181245074634e-02
5.634357762017336291e-02
6.698187549251378992e-02
3.703703703703703498e-02
5.555555555555554553e-02
8.353033884948778132e-02
1.032308904649330006e-01
1.182033096926713850e-01
1.501182033096926660e-01
5.043341213553979158e-02
9.850275807722615184e-02
2.021276595744680438e-01
1.564223798266351495e-01
1.280535855003940016e-01
2.549251379038612875e-01
1.319936958234830537e-01
1.481481481481481399e-01
2.048857368006304080e-01
1.930654058313632515e-01
2.848699763593380285e-01
1.828211189913317436e-01
1.773049645390070705e-01
1.733648542159180184e-01
1.524822695035460973e-01
2.462568951930653727e-01
1.485421591804570451e-01
1.694247438928289939e-01
1.694247438928289939e-01
1.903073286052009150e-01
1.733648542159180184e-01
1.843971631205673367e-01
1.851851851851851749e-01
1.930654058313632515e-01
1.970055161544523037e-01
2.009456264775413559e-01
2.809298660362489763e-01
3.041765169424743842e-01
2.352245862884160543e-01
1.824271079590228106e-01
2.245862884160756412e-01
2.651694247438927676e-01
2.344365642237982439e-01
2.943262411347517538e-01
2.297084318360913813e-01
2.836879432624113129e-01
1.903073286052009150e-01
2.600472813238770553e-01
2.978723404255318452e-01
2.415287628053585101e-01
1.993695823483057350e-01
2.352245862884160543e-01
2.403467297084318222e-01
2.758077226162332085e-01
3.585500394011031933e-01
3.179669030732860113e-01
2.825059101654845972e-01
4.223798266351457276e-01
3.912529550827422709e-01
3.707643814026791995e-01
3.589440504334120985e-01
3.967691095350669439e-01
3.494877856579984288e-01
3.534278959810874254e-01
1.812450748620961227e-01
1.725768321513002079e-01
2.868400315208825546e-01
1.800630417651694071e-01
2.371946414499605804e-01
1.572104018912529322e-01
3.037825059101654235e-01
1.331757289204097416e-01
2.667454688731284440e-01
2.698975571315996858e-01
2.730496453900708720e-01
3.065405831363277600e-01
3.041765169424743842e-01
2.226162332545311151e-01
1.256895193065405703e-01
1.347517730496453903e-01
1.296296296296296224e-01
1.288416075650118120e-01
1.410559495665878460e-01
2.135539795114263228e-01
1.044129235618597162e-01
2.683215130023640094e-01
1.824271079590228106e-01
2.399527186761228892e-01
2.419227738376674153e-01
2.352245862884160543e-01
2.352245862884160543e-01
1.583924349881796756e-01
1.355397951142631729e-01
1.745468873128447340e-01
1.182033096926713850e-01
1.182033096926713850e-01
1.182033096926713850e-01
1.111111111111110911e-01
1.103230890464932945e-01
1.024428684003152040e-01
1.012608353033884884e-01
9.456264775413711354e-02
1.024428684003152040e-01
9.850275807722615184e-02
8.668242710795900918e-02
7.959022852639872914e-02
7.880220646178091870e-02
1.063829787234042423e-01
1.170212765957446693e-01
6.304176516942473774e-02
5.516154452324664725e-02
5.516154452324664725e-02
5.122143420015760201e-02
4.728132387706855677e-02
4.334121355397950459e-02
1.442080378250590877e-01
2.364066193853427839e-02
1.055949566587864319e-01
1.182033096926713919e-02
1.300236406619385138e-02
1.576044129235618443e-02
1.694247438928289662e-02
1.970055161544522968e-02
2.245862884160756273e-02
7.565011820330967696e-02
1.079590228526398632e-01
1.182033096926713850e-01
1.694247438928289939e-01
1.296296296296296224e-01
1.174152876280535746e-01
1.312056737588652156e-01
8.628841607565010396e-02
1.607565011820330791e-01
1.682427107959022783e-01
1.737588652482269513e-01
2.155240346729708212e-01
2.100078802206461481e-01
2.107959022852639586e-01
2.604412923561859050e-01
1.824271079590228106e-01
1.682427107959022783e-01
3.061465721040189103e-01
3.049645390070921946e-01
2.072498029944838394e-01
2.631993695823482415e-01
2.947202521670606590e-01
3.065405831363277600e-01
3.569739952718675724e-01
4.405043341213553676e-01
2.911741528762805120e-01
2.529550827423167614e-01
2.533490937746256666e-01
3.810086682427107907e-01
2.899921197793537964e-01
3.719464144996059707e-01
4.672970843183608669e-01
4.739952718676122556e-01
5.862884160756500762e-01
6.233254531126870557e-01
5.835303388494876842e-01
4.412923561859731780e-01
4.097714736012608161e-01
5.614657210401891030e-01
3.156028368794325800e-01
2.009456264775413559e-01
2.762017336485421137e-01
3.282111899133175470e-01
4.326241134751772632e-01
4.976359338061465132e-01
4.113475177304964370e-01
4.081954294720251397e-01
5.208825847123718100e-01
4.030732860520094274e-01
1.418439716312056564e-01
1.820330969267139332e-01
1.840031520882584593e-01
2.557131599684790979e-01
6.016548463356973242e-01
4.708431836091410139e-01
2.667454688731284440e-01
2.304964539007091917e-01
3.995271867612292804e-01
3.546099290780141411e-01
3.928289992119778917e-01
3.770685579196217385e-01
3.975571315996847543e-01
3.577620173364853828e-01
1.225374310480693424e-01
3.632781717888100559e-01
1.497241922773837608e-01
2.245862884160756412e-01
3.045705279747832339e-01
2.214342001576043995e-01
1.989755713159968298e-01
3.096926713947990017e-01
2.415287628053585101e-01
2.521670606776989509e-01
2.151300236406619160e-01
1.142631993695823328e-01
2.017336485421591663e-01
1.296296296296296224e-01
1.619385342789597948e-01
1.118991331757289015e-01
1.091410559495665789e-01
5.003940110323087942e-02
1.154452324665090485e-01
1.036249014972419197e-01
1.611505122143419844e-01
1.702127659574468044e-01
1.843971631205673367e-01
2.576832151300236240e-01
2.194641449960598734e-01
1.725768321513002079e-01
2.021276595744680438e-01
1.122931442080378206e-01
6.895193065405830213e-02
2.600472813238770275e-02
3.112687155240346712e-02
5.516154452324664725e-02
6.973995271867611256e-02
4.806934594168636027e-02
1.733648542159180531e-02
0.000000000000000000e+00
4.570527974783293590e-02
4.412923561859731503e-02
1.536643026004727922e-02
4.846335697399527243e-02
3.940110323089046108e-03
3.112687155240346712e-02
1.260835303388494789e-02
2.206461780929865751e-02
5.949566587864459771e-02
3.112687155240346712e-02
8.550039401103229353e-02
4.570527974783293590e-02
2.482269503546099057e-02
8.589440504334121262e-02
4.412923561859731503e-02
7.486209613869188040e-02
3.940110323089046108e-03
9.535066981875491010e-02
6.304176516942473774e-02
1.182033096926713850e-01
1.379038613081166043e-01
1.576044129235618374e-01
1.773049645390070705e-01
1.438140267927501825e-01
1.536643026004727852e-01
3.762805358550039281e-01
3.163908589440503905e-01
3.179669030732860113e-01
3.743104806934594020e-01
4.412923561859731780e-01
4.578408195429471417e-01
4.196217494089833910e-01
5.752561071710007301e-01
6.197793538219069642e-01
6.985815602836878968e-01
4.306540583136327371e-01
5.279747832939322150e-01
5.713159968479116779e-01
9.412923561859731780e-01
6.761229314420802439e-01
6.028368794326240954e-01
5.516154452324664170e-01
6.765169424743892046e-01
6.158392434988179120e-01
5.921985815602837100e-01
4.137115839243498683e-01
4.519306540583136189e-01
6.528762805358548915e-01
4.649330181245074356e-01
5.713159968479116779e-01
5.516154452324664170e-01
4.479905437352245667e-01
5.634357762017335736e-01
4.412923561859731780e-01
4.373522458628841258e-01
4.885736800630416932e-01
4.491725768321512824e-01
4.334121355397950737e-01
2.758077226162332085e-01
3.861308116627265030e-01
3.861308116627265030e-01
3.743104806934594020e-01
4.223798266351457276e-01
3.467297084318360367e-01
3.388494877856579879e-01
3.388494877856579879e-01
3.691883372734436342e-01
3.033884948778565738e-01
2.364066193853427700e-01
2.312844759653270299e-01
3.888888888888888395e-01
2.943262411347517538e-01
2.088258471237194325e-01
2.691095350669818198e-01
4.125295508274231526e-01
3.849487785657998429e-01
2.895981087470448911e-01
2.600472813238770553e-01
2.009456264775413559e-01
1.075650118203309580e-01
2.639873916469661075e-01
1.386918833727344424e-01
2.127659574468084847e-01
1.477541371158392347e-01
1.457840819542947086e-01
1.615445232466508896e-01
2.139479905437352003e-01
1.497241922773837608e-01
1.457840819542947086e-01
1.733648542159180184e-01
1.339637509850275798e-01
9.141055949566587180e-02
1.241134751773049494e-01
1.182033096926713850e-01
1.103230890464932945e-01
1.524822695035460973e-01
1.052009456264775267e-01
1.115051221434200102e-01
9.062253743104806136e-02
9.929078014184396228e-02
1.268715524034672859e-01
7.880220646178091870e-02
7.092198581560282822e-02
3.152088258471236887e-02
5.910165484633569249e-02
4.137115839243498544e-02
5.122143420015760201e-02
3.152088258471236887e-02
4.334121355397950459e-02
3.940110323089045935e-02
2.364066193853427839e-02
3.546099290780141411e-02
2.364066193853427839e-02
3.940110323089045935e-02
3.940110323089045935e-02
3.152088258471236887e-02
6.698187549251378992e-02
5.516154452324664725e-02
2.561071710007880101e-02
3.152088258471236887e-02
3.546099290780141411e-02
6.185973207249802208e-02
8.156028368794325523e-02
1.036249014972419197e-01
1.430260047281323721e-01
7.880220646178091870e-02
1.260835303388494755e-01
1.859732072498029853e-01
1.583924349881796756e-01
1.075650118203309580e-01
1.465721040189125191e-01
1.875492513790386062e-01
1.879432624113475114e-01
3.364854215918045566e-01
3.636721828211189611e-01
2.324665090622537178e-01
3.270291568163908313e-01
3.534278959810874254e-01
4.393223010244286519e-01
4.424743892828998937e-01
4.570527974783293312e-01
4.440504334121355146e-01
5.307328605200944960e-01
4.176516942474388649e-01
3.443656422379826609e-01
5.011820330969266601e-01
5.311268715524034567e-01
3.908589440504333656e-01
5.043341213553979019e-01
5.405831363278170709e-01
6.197793538219069642e-01
6.185973207249801931e-01
5.575256107171000508e-01
6.855791962174939691e-01
5.437352245862883127e-01
5.090622537431047645e-01
5.646178092986603447e-01
4.275019700551614954e-01
4.452324665090622302e-01
6.075650118203308470e-01
5.575256107171000508e-01
5.358550039401103193e-01
5.555555555555554692e-01
5.594956658786445214e-01
3.731284475965326863e-01
5.102442868400314246e-01
4.491725768321512824e-01
4.936958234830574610e-01
4.728132387706855400e-01
4.858156028368793566e-01
4.866036249014971671e-01
4.728132387706855400e-01
4.609929078014183834e-01
4.058313632781717639e-01
4.412923561859731780e-01
3.534278959810874254e-01
5.279747832939322150e-01
5.338849487785657377e-01
4.058313632781717639e-01
5.023640661938534313e-01
3.794326241134751143e-01
3.703703703703703498e-01
3.664302600472812976e-01
3.585500394011031933e-01
2.730496453900708720e-01
3.427895981087469846e-01
3.045705279747832339e-01
3.321513002364065992e-01
3.230890464933017792e-01
2.915681639085894172e-01
2.864460204885736494e-01
2.442868400315208466e-01
2.915681639085894172e-01
3.041765169424743842e-01
2.903861308116627016e-01
2.529550827423167614e-01
2.797478329393222607e-01
1.694247438928289939e-01
2.620173364854215814e-01
2.431048069345941587e-01
2.639873916469661075e-01
2.600472813238770553e-01
2.285263987391646656e-01
2.521670606776989509e-01
2.482269503546098988e-01
2.982663514578408059e-01
2.442868400315208466e-01
2.403467297084318222e-01
1.804570527974783123e-01
2.364066193853427700e-01
2.324665090622537178e-01
2.324665090622537178e-01
2.245862884160756412e-01
2.206461780929865890e-01
2.206461780929865890e-01
2.167060677698975368e-01
2.186761229314420629e-01
2.088258471237194325e-01
2.060677698975570959e-01
2.009456264775413559e-01
1.970055161544523037e-01
1.154452324665090485e-01
9.456264775413711354e-02
1.851851851851851749e-01
1.733648542159180184e-01
1.800630417651694071e-01
1.773049645390070705e-01
1.733648542159180184e-01
1.497241922773837608e-01
1.118991331757289015e-01
2.194641449960598734e-01
1.635145784081954157e-01
1.615445232466508896e-01
1.576044129235618374e-01
4.373522458628840981e-02
1.122931442080378206e-01
2.655634357762017284e-01
2.025216706067769767e-01
8.431836091410557787e-02
1.572104018912529322e-01
4.964539007092198114e-02
7.328605200945625953e-02
1.221434200157604233e-01
6.737588652482269513e-02
5.082742316784869679e-02
1.012608353033884884e-01
5.319148936170212116e-02
7.683215130023639261e-02
9.850275807722615184e-02
7.092198581560282822e-02
8.668242710795900918e-02
9.377462568951930311e-02
6.185973207249802208e-02
1.249014972419227598e-01
8.274231678486997088e-02
2.639873916469660797e-02
1.059889676910953371e-01
5.910165484633569596e-03
7.249802994483844909e-02
4.334121355397950459e-02
3.309692671394798974e-02
2.009456264775413489e-02
5.673758865248226813e-02
1.654846335697399487e-02
1.576044129235618443e-02
1.576044129235618443e-02
2.876280535855003581e-02
4.373522458628840981e-02
1.694247438928289662e-02
2.364066193853427839e-02
2.245862884160756273e-02
2.718676122931441841e-02
2.285263987391646795e-02
1.182033096926713919e-02
7.880220646178092217e-03
1.576044129235618443e-02
4.885736800630417070e-02
4.334121355397951326e-03
0.000000000000000000e+00
0.000000000000000000e+00
0.000000000000000000e+00
1.182033096926713919e-02
9.456264775413709620e-03
5.910165484633569596e-03
4.925137903861307592e-02
3.900709219858156107e-02
6.304176516942473947e-03
4.964539007092198114e-02
8.550039401103229353e-02
3.309692671394798974e-02
3.230890464933017237e-02
4.176516942474389066e-02
8.274231678486997435e-03
0.000000000000000000e+00
0.000000000000000000e+00
1.812450748620961227e-02
1.063829787234042527e-02
3.388494877856579324e-02
2.718676122931441841e-02
3.664302600472812976e-02
5.476753349093774204e-02
0.000000000000000000e+00
1.970055161544522968e-02
9.338061465721038401e-02
8.274231678486997088e-02
7.683215130023639261e-02
4.531126871552403068e-02
4.846335697399527243e-02
4.137115839243498544e-02
1.579984239558707426e-01
1.063829787234042423e-01
1.142631993695823328e-01
1.182033096926713850e-01
1.221434200157604233e-01
1.260835303388494755e-01
1.229314420803782337e-01
1.379038613081166043e-01
1.524822695035460973e-01
1.319936958234830537e-01
1.284475965327029068e-01
1.568163908589440270e-01
1.899133175728920375e-01
1.883372734436563889e-01
1.851851851851851749e-01
1.607565011820330791e-01
1.654846335697399418e-01
1.733648542159180184e-01
1.812450748620961227e-01
1.891252955082742271e-01
1.970055161544523037e-01
2.040977147360125699e-01
1.516942474389282869e-01
1.359338061465720782e-01
1.970055161544523037e-01
1.970055161544523037e-01
2.001576044129235177e-01
1.162332545311268589e-01
9.850275807722615184e-02
1.745468873128447340e-01
1.418439716312056564e-01
1.903073286052009150e-01
1.343577620173364850e-01
1.784869976359337862e-01
2.139479905437352003e-01
2.009456264775413559e-01
1.891252955082742271e-01
1.784869976359337862e-01
1.903073286052009150e-01
1.891252955082742271e-01
1.993695823483057350e-01
1.315996847911741208e-01
1.371158392434987938e-01
1.174152876280535746e-01
1.698187549251378992e-01
2.088258471237194325e-01
2.454688731284475622e-01
2.403467297084318222e-01
2.364066193853427700e-01
2.403467297084318222e-01
1.737588652482269513e-01
2.025216706067769767e-01
1.477541371158392347e-01
1.536643026004727852e-01
1.595744680851063635e-01
1.481481481481481399e-01
1.682427107959022783e-01
1.749408983451536392e-01
1.158392434988179537e-01
1.615445232466508896e-01
1.509062253743104487e-01
1.536643026004727852e-01
1.166272655634357641e-01
1.288416075650118120e-01
1.091410559495665789e-01
1.040189125295508110e-01
1.008668242710795832e-01
1.182033096926713850e-01
1.036249014972419197e-01
9.456264775413711354e-02
1.063829787234042423e-01
9.850275807722615184e-02
9.456264775413711354e-02
4.728132387706855677e-02
4.806934594168636027e-02
3.782505910165483848e-02
9.377462568951930311e-02
3.940110323089045935e-02
4.728132387706855677e-02
5.003940110323087942e-02
4.728132387706855677e-02
2.245862884160756273e-02
3.152088258471236887e-02
1.024428684003152006e-02
0.000000000000000000e+00
0.000000000000000000e+00
1.773049645390070705e-02
0.000000000000000000e+00
4.846335697399527243e-02
5.319148936170212116e-02
5.319148936170212116e-02
2.639873916469660797e-02
3.152088258471236887e-02
4.609929078014183418e-02
1.851851851851851749e-02
4.137115839243498544e-02
4.846335697399527243e-02
2.836879432624113406e-02
3.624901497241922455e-02
3.546099290780141758e-03
9.850275807722614838e-03
7.880220646178092217e-03
3.033884948778565668e-02
1.182033096926713702e-03
7.880220646178092434e-04
1.576044129235618487e-03
0.000000000000000000e+00
0.000000000000000000e+00
0.000000000000000000e+00
0.000000000000000000e+00
0.000000000000000000e+00
0.000000000000000000e+00
0.000000000000000000e+00
0.000000000000000000e+00
0.000000000000000000e+00
0.000000000000000000e+00
0.000000000000000000e+00
0.000000000000000000e+00
0.000000000000000000e+00
0.000000000000000000e+00
0.000000000000000000e+00
0.000000000000000000e+00
0.000000000000000000e+00
0.000000000000000000e+00
0.000000000000000000e+00
0.000000000000000000e+00
0.000000000000000000e+00
2.600472813238770275e-02
0.000000000000000000e+00
9.456264775413709620e-03
2.403467297084318013e-02
3.152088258471236974e-03
4.334121355397951326e-03
4.452324665090622718e-02
7.486209613869186999e-03
2.758077226162332189e-03
0.000000000000000000e+00
3.940110323089046108e-03
5.122143420015760028e-03
1.970055161544523054e-03
6.146572104018911686e-02
2.048857368006304011e-02
1.536643026004727922e-02
3.112687155240346712e-02
3.979511426319936457e-02
0.000000000000000000e+00
4.058313632781717500e-02
7.486209613869186999e-03
6.540583136327816904e-02
2.167060677698975230e-02
4.412923561859731503e-02
7.210401891252954387e-02
3.309692671394798974e-02
6.028368794326240815e-02
1.095350669818754841e-01
6.579984239558706038e-02
5.634357762017336291e-02
8.747044917257681962e-02
4.728132387706855677e-02
2.245862884160756273e-02
9.377462568951930311e-02
2.285263987391646795e-02
5.870764381402678728e-02
7.289204097714735431e-02
9.062253743104806136e-03
3.191489361702127409e-02
7.604412923561859605e-02
5.713159968479116640e-02
7.919621749408983780e-02
7.565011820330967696e-02
1.268715524034672859e-01
1.032308904649330006e-01
1.245074862096138685e-01
3.861308116627265585e-02
2.202521670606776838e-01
1.398739164696611303e-01
1.859732072498029853e-01
1.241134751773049494e-01
1.319936958234830537e-01
1.465721040189125191e-01
2.561071710007880031e-01
1.036249014972419197e-01
2.710795902285263459e-01
2.903861308116627016e-01
2.316784869976359074e-01
1.745468873128447340e-01
1.717888100866824252e-01
1.528762805358549748e-01
9.141055949566587180e-02
1.883372734436563889e-01
2.222222222222221821e-01
1.501182033096926660e-01
1.178092986603624798e-01
1.434200157604412773e-01
2.281323877068557604e-01
3.790386130811662646e-01
1.040189125295508110e-01
8.353033884948778132e-02
1.576044129235618374e-01
1.970055161544523037e-01
1.773049645390070705e-01
1.446020488573679930e-01
1.008668242710795832e-01
1.138691883372734276e-01
1.118991331757289015e-01
1.375098502758076990e-01
8.825847123719463005e-02
1.000788022064617588e-01
1.359338061465720782e-01
2.092198581560283654e-01
1.434200157604412773e-01
1.103230890464932945e-01
1.241134751773049494e-01
1.028368794326241092e-01
1.245074862096138685e-01
4.294720252167060631e-02
1.016548463356973936e-01
1.292356185973206895e-01
8.156028368794325523e-02
1.457840819542947051e-02
7.959022852639872914e-02
7.722616233254531171e-02
1.379038613081166043e-01
1.237194641449960442e-01
1.028368794326241092e-01
5.870764381402678728e-02
1.083530338849487684e-01
9.889676910953505706e-02
1.205673758865248163e-01
7.565011820330967696e-02
1.048069345941686353e-01
1.773049645390070705e-02
7.643814026792748739e-02
1.154452324665090485e-01
4.255319148936170109e-02
8.116627265563435001e-02
1.020488573680062849e-01
2.048857368006304011e-02
3.506698187549250889e-02
3.112687155240346712e-02
3.585500394011031933e-02
8.471237194641449697e-02
1.654846335697399487e-02
2.245862884160756273e-02
3.624901497241922455e-02
6.698187549251378298e-03
7.092198581560283516e-03
9.850275807722614838e-03
1.891252955082741924e-02
1.733648542159180531e-02
7.407407407407406996e-02
1.733648542159180531e-02
7.880220646178092434e-04
0.000000000000000000e+00
3.546099290780141758e-03
6.343577620173364295e-02
5.319148936170212116e-02
5.910165484633569596e-03
2.206461780929865751e-02
3.112687155240346712e-02
8.274231678486997435e-03
0.000000000000000000e+00
1.576044129235618487e-03
0.000000000000000000e+00
0.000000000000000000e+00
0.000000000000000000e+00
0.000000000000000000e+00
2.364066193853427405e-03
0.000000000000000000e+00
0.000000000000000000e+00
0.000000000000000000e+00
1.970055161544523054e-03
0.000000000000000000e+00
0.000000000000000000e+00
0.000000000000000000e+00
0.000000000000000000e+00
8.037825059101653957e-02
8.550039401103229353e-02
4.255319148936170109e-02
0.000000000000000000e+00
7.643814026792748739e-02
1.103230890464932876e-02
0.000000000000000000e+00
0.000000000000000000e+00
5.516154452324664378e-03
8.077226162332544479e-02
9.929078014184396228e-02
0.000000000000000000e+00
3.152088258471236974e-03
1.970055161544522968e-02
6.107171000788021165e-02
8.825847123719463005e-02
1.497241922773837400e-02
6.107171000788021165e-02
6.067769897557131337e-02
1.217494089834515181e-01
1.012608353033884884e-01
6.185973207249802208e-02
6.146572104018911686e-02
4.609929078014183418e-02
8.668242710795900918e-02
6.973995271867611256e-02
7.171000788022063865e-02
1.446020488573679930e-01
9.456264775413711354e-02
1.276595744680850963e-01
1.461780929866036138e-01
2.068557919621749341e-01
1.560283687943262443e-01
7.446808510638296130e-02
1.993695823483057350e-01
1.556343577620173113e-01
2.683215130023640094e-01
1.363278171788810111e-01
1.867612293144207680e-01
2.277383766745468552e-01
1.812450748620961227e-01
2.218282111899132769e-01
2.234042553191489255e-01
1.666666666666666297e-01
2.115839243498817968e-01
1.954294720252166828e-01
2.210401891252954942e-01
1.899133175728920375e-01
1.816390858944050279e-01
2.080378250591016220e-01
2.537431048069345718e-01
2.561071710007880031e-01
2.407407407407407274e-01
3.510638297872339941e-01
3.861308116627265030e-01
2.135539795114263228e-01
3.010244286840031425e-01
1.985815602836879246e-01
2.155240346729708212e-01
2.245862884160756412e-01
1.847911741528762697e-01
1.694247438928289939e-01
1.946414499605988724e-01
2.848699763593380285e-01
3.743104806934594020e-01
2.655634357762017284e-01
2.911741528762805120e-01
3.577620173364853828e-01
3.057525610717099496e-01
2.080378250591016220e-01
2.253743104806934516e-01
2.663514578408194833e-01
2.226162332545311151e-01
2.056737588652482185e-01
2.840819542947202181e-01
3.333333333333332593e-01
4.188337273443655806e-01
2.612293144208037710e-01
2.565011820330968528e-01
1.729708431836091131e-01
1.997635933806146402e-01
2.446808510638297796e-01
3.325453112687155044e-01
3.199369582348305374e-01
3.234830575256106844e-01
1.871552403467297010e-01
1.973995271867612089e-01
3.680063041765169185e-01
2.147360126083530107e-01
1.501182033096926660e-01
1.315996847911741208e-01
1.780929866036249087e-01
2.167060677698975368e-01
1.493301812450748556e-01
1.824271079590228106e-01
1.713947990543734923e-01
1.138691883372734276e-01
1.217494089834515181e-01
2.190701339637509681e-01
2.171000788022064421e-01
1.059889676910953371e-01
1.627265563435776052e-01
1.052009456264775267e-01
5.516154452324664725e-02
3.506698187549250889e-02
3.230890464933017237e-02
8.313632781717887610e-02
5.634357762017336291e-02
1.083530338849487684e-01
4.452324665090622718e-02
5.870764381402678728e-02
4.649330181245074634e-02
1.103230890464932876e-02
5.082742316784869679e-02
3.940110323089046108e-03
2.758077226162332363e-02
2.245862884160756273e-02
4.570527974783293590e-02
2.955082742316784625e-02
2.324665090622537317e-02
3.900709219858156107e-02
1.930654058313632793e-02
7.131599684791173344e-02
1.536643026004727922e-02
5.516154452324664378e-03
3.467297084318361061e-02
3.073286052009455843e-02
3.427895981087469846e-02
1.576044129235618443e-02
4.531126871552403068e-02
9.771473601260834141e-02
1.201733648542159111e-01
1.359338061465720782e-01
2.955082742316784625e-02
9.653270291568162575e-02
7.762017336485420305e-02
2.423167848699763482e-01
1.717888100866824252e-01
1.308116627265563381e-01
2.356185973207249595e-01
2.324665090622537178e-01
3.971631205673758491e-01
3.750985027580772124e-01
3.940110323089046074e-01
3.053585500394010999e-01
3.490937746256894680e-01
4.239558707643813484e-01
3.869188337273443135e-01
5.630417651694247239e-01
4.389282899921197467e-01
4.913317572892040852e-01
4.598108747044916678e-01
4.247438928289991589e-01
3.747044917257682517e-01
5.413711583924349924e-01
4.763593380614656869e-01
8.124507486209612273e-01
7.407407407407406996e-01
6.918833727344364526e-01
5.303388494877855353e-01
5.445232466509061231e-01
4.401103230890464624e-01
6.225374310480692452e-01
6.414499605988968067e-01
5.279747832939322150e-01
3.794326241134751143e-01
4.873916469661150330e-01
4.215918045705279171e-01
5.114263199369581958e-01
5.709219858156028282e-01
3.341213553979511253e-01
5.547675334909377698e-01
4.988179669030732288e-01
5.421591804570526918e-01
3.723404255319148759e-01
4.263199369582347797e-01
3.104806934594168122e-01
2.899921197793537964e-01
3.577620173364853828e-01
3.049645390070921946e-01
3.144208037825058644e-01
4.160756501182032441e-01
4.038613081166272378e-01
3.061465721040189103e-01
2.434988179669030361e-01
2.119779353821906742e-01
2.151300236406619160e-01
3.341213553979511253e-01
5.169424743892827578e-01
5.228526398739163916e-01
3.581560283687942881e-01
2.710795902285263459e-01
2.509850275807722353e-01
3.199369582348305374e-01
3.455476753349093766e-01
2.671394799054372937e-01
2.596532702915681501e-01
2.726556343577620223e-01
1.910953506698187254e-01
2.391646966115051065e-01
2.277383766745468552e-01
2.915681639085894172e-01
2.167060677698975368e-01
2.139479905437352003e-01
2.115839243498817968e-01
9.495665878644601876e-02
1.178092986603624798e-01
1.170212765957446693e-01
1.583924349881796756e-01
2.659574468085106336e-01
2.194641449960598734e-01
1.213553979511426267e-01
1.548463356973995009e-01
1.438140267927501825e-01
1.122931442080378206e-01
7.801418439716312214e-02
1.528762805358549748e-01
8.037825059101653957e-02
8.707643814026792828e-02
8.550039401103229353e-02
1.059889676910953371e-01
9.810874704491724663e-02
8.077226162332544479e-02
4.964539007092198114e-02
1.048069345941686353e-01
7.249802994483844909e-02
1.501182033096926660e-01
1.595744680851063635e-01
6.934594168636722122e-02
5.240346729708431767e-02
1.379038613081166181e-02
3.270291568163908452e-02
3.743104806934594020e-02
8.313632781717887610e-02
4.137115839243498544e-02
3.743104806934594020e-02
4.649330181245074634e-02
1.654846335697399487e-02
2.088258471237194533e-02
7.525610717100078562e-02
5.003940110323087942e-02
3.703703703703703498e-02
5.791962174940897684e-02
5.358550039401102638e-02
8.195429472025216044e-02
4.570527974783293590e-02
1.457840819542947051e-02
8.353033884948778132e-02
9.416863672182819445e-02
2.758077226162332363e-02
8.471237194641449697e-02
4.215918045705278894e-02
8.510638297872340219e-02
1.012608353033884884e-01
1.717888100866824252e-01
1.706067769897556818e-01
2.245862884160756412e-01
1.883372734436563889e-01
1.225374310480693424e-01
1.205673758865248163e-01
1.272655634357761911e-01
1.166272655634357641e-01
1.603624901497242017e-01
1.552403467297084061e-01
2.352245862884160543e-01
1.524822695035460973e-01
2.009456264775413559e-01
2.517730496453900457e-01
2.730496453900708720e-01
2.360126083530338648e-01
2.565011820330968528e-01
1.832151300236406488e-01
2.159180457052797264e-01
4.219858156028368223e-01
2.202521670606776838e-01
2.379826635145783909e-01
2.580772261623325292e-01
2.466509062253743056e-01
1.769109535066981653e-01
3.376674546887312722e-01
1.761229314420803826e-01
2.970843183609140903e-01
3.360914105594955958e-01
2.056737588652482185e-01
5.539795114263198483e-01
6.339637509850275521e-01
7.107959022852639031e-01
5.472813238770685151e-01
4.318360914105594528e-01
6.268715524034672582e-01
4.405043341213553676e-01
4.278959810874704006e-01
4.219858156028368223e-01
4.026792750197005222e-01
5.082742316784869541e-01
5.484633569739951753e-01
5.224586288416075419e-01
3.951930654058313230e-01
5.216706067769897315e-01
4.515366430260046582e-01
6.284475965327028790e-01
6.185973207249801931e-01
5.189125295508273394e-01
3.790386130811662646e-01
4.038613081166272378e-01
3.175728920409771061e-01
3.195429472025216322e-01
3.073286052009455704e-01
2.667454688731284440e-01
3.691883372734436342e-01
2.817178881008667868e-01
3.900709219858155552e-01
3.821907013396374508e-01
3.073286052009455704e-01
3.522458628841607653e-01
3.254531126871552105e-01
1.737588652482269513e-01
2.427107959022852535e-01
2.758077226162332085e-01
1.540583136327817182e-01
2.427107959022852535e-01
3.396375098502757983e-01
2.797478329393222607e-01
2.159180457052797264e-01
2.403467297084318222e-01
2.974783293932229955e-01
4.152876280535854892e-01
2.545311268715523823e-01
2.226162332545311151e-01
2.466509062253743056e-01
2.490149724192277370e-01
1.422379826635145617e-01
2.261623325453112343e-01
2.675334909377462544e-01
2.462568951930653727e-01
2.009456264775413559e-01
2.813238770685579371e-01
2.695035460992907805e-01
2.616233254531126762e-01
2.411347517730496326e-01
2.576832151300236240e-01
2.163120567375886316e-01
1.847911741528762697e-01
1.658786446020488470e-01
1.564223798266351495e-01
1.477541371158392347e-01
2.651694247438927676e-01
2.139479905437352003e-01
1.788810086682426914e-01
1.619385342789597948e-01
1.690307328605200610e-01
1.485421591804570451e-01
1.875492513790386062e-01
1.367218282111899164e-01
1.576044129235618374e-01
1.808510638297872175e-01
1.985815602836879246e-01
1.319936958234830537e-01
1.666666666666666297e-01
1.134751773049645363e-01
9.219858156028366836e-02
6.067769897557131337e-02
7.880220646178091870e-02
8.156028368794325523e-02
1.044129235618597162e-01
9.456264775413711354e-02
8.313632781717887610e-02
7.368006304176516474e-02
6.225374310480693424e-02
8.825847123719463005e-02
4.964539007092198114e-02
1.111111111111110911e-01
8.510638297872340219e-02
4.846335697399527243e-02
4.491725768321512546e-02
6.855791962174939691e-02
1.733648542159180531e-02
3.585500394011031933e-02
2.088258471237194533e-02
1.576044129235618487e-03
1.221434200157604268e-02
0.000000000000000000e+00
3.782505910165483848e-02
1.654846335697399487e-02
1.221434200157604268e-02
1.970055161544523054e-03
1.930654058313632793e-02
1.576044129235618487e-03
2.561071710007880101e-02
0.000000000000000000e+00
2.048857368006304011e-02
1.812450748620961227e-02
2.324665090622537317e-02
1.733648542159180531e-02
1.773049645390070705e-02
3.033884948778565668e-02
2.836879432624113406e-02
5.397951142631993160e-02
2.915681639085894103e-02
2.048857368006304011e-02
4.373522458628840981e-02
1.126871552403467258e-01
6.304176516942473774e-02
8.747044917257681962e-02
6.658786446020487082e-02
1.670606776989755626e-01
1.599684791174152687e-01
1.237194641449960442e-01
1.465721040189125191e-01
1.536643026004727852e-01
1.375098502758076990e-01
2.265563435776201395e-01
1.509062253743104487e-01
1.631205673758865105e-01
1.753349093774625445e-01
2.234042553191489255e-01
2.178881008668242247e-01
3.156028368794325800e-01
3.593380614657210037e-01
2.044917257683214751e-01
2.635933806146572023e-01
3.297872340425531679e-01
3.451536643026004159e-01
3.557919621749408567e-01
3.376674546887312722e-01
3.585500394011031933e-01
3.431836091410558898e-01
3.750985027580772124e-01
4.208037825059101067e-01
4.168636721828210545e-01
4.515366430260046582e-01
3.829787234042553168e-01
3.191489361702127270e-01
3.246650906225374000e-01
3.479117415287627524e-01
3.896769109535067055e-01
2.813238770685579371e-01
4.219858156028368223e-01
4.278959810874704006e-01
4.598108747044916678e-01
3.951930654058313230e-01
3.632781717888100559e-01
3.550039401103230463e-01
3.857368006304176533e-01
3.766745468873127778e-01
2.454688731284475622e-01
3.061465721040189103e-01
3.979511426319936596e-01
3.881008668242710291e-01
2.237982663514578030e-01
3.471237194641449419e-01
3.073286052009455704e-01
3.250591016548463053e-01
3.148148148148148251e-01
2.647754137115839179e-01
2.115839243498817968e-01
3.171788810086682009e-01
2.486209613869188040e-01
2.541371158392434770e-01
1.717888100866824252e-01
2.115839243498817968e-01
2.537431048069345718e-01
3.309692671394798835e-01
2.892040977147359859e-01
2.462568951930653727e-01
2.624113475177304311e-01
1.650906225374310365e-01
1.993695823483057350e-01
1.611505122143419844e-01
1.903073286052009150e-01
2.234042553191489255e-01
2.616233254531126762e-01
1.599684791174152687e-01
2.119779353821906742e-01
1.607565011820330791e-01
1.288416075650118120e-01
1.895193065405831323e-01
8.668242710795900918e-02
1.572104018912529322e-01
1.485421591804570451e-01
1.623325453112687000e-01
2.273443656422379777e-01
1.855791962174940801e-01
2.612293144208037710e-01
1.410559495665878460e-01
1.599684791174152687e-01
2.277383766745468552e-01
2.155240346729708212e-01
2.159180457052797264e-01
1.122931442080378206e-01
1.335697399527186469e-01
2.269503546099290725e-01
1.126871552403467258e-01
1.918833727344365636e-01
1.548463356973995009e-01
1.556343577620173113e-01
1.158392434988179537e-01
1.359338061465720782e-01
1.323877068557919590e-01
1.055949566587864319e-01
1.489361702127659226e-01
8.510638297872340219e-02
6.737588652482269513e-02
9.692671394799054485e-02
5.043341213553979158e-02
1.245074862096138685e-01
1.513002364066193539e-01
9.692671394799054485e-02
6.934594168636722122e-02
5.082742316784869679e-02
6.501182033096926383e-02
3.664302600472812976e-02
5.003940110323087942e-02
2.876280535855003581e-02
5.555555555555554553e-02
3.546099290780141411e-02
5.910165484633569596e-03
0.000000000000000000e+00
2.758077226162332189e-03
3.624901497241922455e-02
2.009456264775413489e-02
1.142631993695823397e-02
5.910165484633569596e-03
1.970055161544522968e-02
1.891252955082741924e-02
3.861308116627265585e-02
5.319148936170212116e-02
3.782505910165483848e-02
9.929078014184396228e-02
6.146572104018911686e-02
6.185973207249802208e-02
1.044129235618597162e-01
1.442080378250590877e-01
1.052009456264775267e-01
1.225374310480693424e-01
1.142631993695823328e-01
1.355397951142631729e-01
1.859732072498029853e-01
2.427107959022852535e-01
2.328605200945626230e-01
2.663514578408194833e-01
2.399527186761228892e-01
2.360126083530338648e-01
2.076438140267927446e-01
1.615445232466508896e-01
4.093774625689519109e-01
4.271079590228526457e-01
2.332545311268715282e-01
3.136327817178880539e-01
3.175728920409771061e-01
2.336485421591804335e-01
3.077226162332544757e-01
4.109535066981874762e-01
3.045705279747832339e-01
4.527186761229314294e-01
6.209613869188336244e-01
6.304176516942473496e-01
6.934594168636720735e-01
5.342789598108745874e-01
5.216706067769897315e-01
6.059889676910953371e-01
5.358550039401103193e-01
5.768321513002363510e-01
5.811662726556342529e-01
5.122143420015760062e-01
3.479117415287627524e-01
4.936958234830574610e-01
5.642237982663513840e-01
6.398739164696610748e-01
5.732860520094562595e-01
3.613081166272655298e-01
4.058313632781717639e-01
4.338061465721039789e-01
3.163908589440503905e-01
3.506698187549250889e-01
4.152876280535854892e-01
3.561859732072498175e-01
3.132387706855791487e-01
4.732072498029943897e-01
3.483057525610717131e-01
4.022852639873915614e-01
4.239558707643813484e-01
4.330181245074861685e-01
4.156816390858943389e-01
3.660362490149723924e-01
4.515366430260046582e-01
4.042553191489360875e-01
4.412923561859731780e-01
3.305752561071709783e-01
3.416075650118203244e-01
4.215918045705279171e-01
3.873128447596532187e-01
3.002364066193853320e-01
1.887312844759652941e-01
1.765169424743892601e-01
2.635933806146572023e-01
2.687155240346729701e-01
1.855791962174940801e-01
1.855791962174940801e-01
2.182821118991331577e-01
1.938534278959810897e-01
2.395587076438139840e-01
2.529550827423167614e-01
1.828211189913317436e-01
1.260835303388494755e-01
1.757289204097714497e-01
1.505122143420015712e-01
2.671394799054372937e-01
2.415287628053585101e-01
1.103230890464932945e-01
1.351457840819542677e-01
1.138691883372734276e-01
1.154452324665090485e-01
5.752561071710007162e-02
8.471237194641449697e-02
1.331757289204097416e-01
1.146572104018912519e-01
4.531126871552403068e-02
9.416863672182819445e-02
4.925137903861307592e-02
5.752561071710007162e-02
9.456264775413709620e-03
5.003940110323087942e-02
6.973995271867611256e-02
3.900709219858156107e-02
5.634357762017336291e-02
5.910165484633569249e-02
1.205673758865248163e-01
9.062253743104806136e-03
2.009456264775413489e-02
6.304176516942473947e-03
5.988967691095349599e-02
3.467297084318361061e-02
3.900709219858156107e-02
5.634357762017336291e-02
3.900709219858156107e-02
3.230890464933017237e-02
9.613869188337272054e-02
3.427895981087469846e-02
4.688731284475965155e-02
6.225374310480693424e-02
8.510638297872340219e-02
5.594956658786445075e-02
2.364066193853427839e-02
2.482269503546099057e-02
6.658786446020487082e-02
2.639873916469660797e-02
5.594956658786445075e-02
8.668242710795902653e-03
1.300236406619385138e-02
2.600472813238770275e-02
3.073286052009455843e-02
3.940110323089046217e-04
2.324665090622537317e-02
2.521670606776989579e-02
3.940110323089046217e-04
0.000000000000000000e+00
2.088258471237194533e-02
4.334121355397951326e-03
1.615445232466508618e-02
1.970055161544523054e-03
3.940110323089046108e-03
2.364066193853427405e-03
0.000000000000000000e+00
2.442868400315208535e-02
9.456264775413709620e-03
1.891252955082741924e-02
2.955082742316784625e-02
4.215918045705278894e-02
2.403467297084318013e-02
4.846335697399527243e-02
5.161544523246650029e-02
2.876280535855003581e-02
9.456264775413711354e-02
1.071710007880220528e-01
7.604412923561859605e-02
7.683215130023639261e-02
9.259259259259258745e-02
1.343577620173364850e-01
8.628841607565010396e-02
1.895193065405831323e-01
2.600472813238770553e-01
1.694247438928289939e-01
1.209613869188337076e-01
1.166272655634357641e-01
1.434200157604412773e-01
2.096138691883372707e-01
2.029156816390858820e-01
2.033096926713947872e-01
1.713947990543734923e-01
2.383766745468872961e-01
3.029944838455476686e-01
2.301024428684002865e-01
2.096138691883372707e-01
2.537431048069345718e-01
2.159180457052797264e-01
1.863672182821118628e-01
1.773049645390070705e-01
2.738376674546886824e-01
2.631993695823482415e-01
3.774625689519305882e-01
2.525610717100078562e-01
1.780929866036249087e-01
1.788810086682426914e-01
1.591804570527974583e-01
2.273443656422379777e-01
2.332545311268715282e-01
3.325453112687155044e-01
1.646966115051221036e-01
2.387706855791962013e-01
1.847911741528762697e-01
1.686367218282111557e-01
3.234830575256106844e-01
1.241134751773049494e-01
3.006304176516941817e-01
3.175728920409771061e-01
1.812450748620961227e-01
2.072498029944838394e-01
3.301812450748620731e-01
3.329393223010244096e-01
2.990543735224586164e-01
3.605200945626477194e-01
3.423955870764381348e-01
3.447596532702915106e-01
2.998423955870763713e-01
2.620173364854215814e-01
2.017336485421591663e-01
2.092198581560283654e-01
2.198581560283687508e-01
2.438928289992119414e-01
1.883372734436563889e-01
1.442080378250590877e-01
1.859732072498029853e-01
1.686367218282111557e-01
2.828999211977935024e-01
1.962174940898344933e-01
2.167060677698975368e-01
2.876280535855003651e-01
3.297872340425531679e-01
2.620173364854215814e-01
1.970055161544523037e-01
1.560283687943262443e-01
1.524822695035460973e-01
1.217494089834515181e-01
8.550039401103229353e-02
1.178092986603624798e-01
1.020488573680062849e-01
2.257683215130023291e-01
1.721828211189913305e-01
1.209613869188337076e-01
1.067769897557131614e-01
1.193853427895981006e-01
6.658786446020487082e-02
8.431836091410557787e-02
3.388494877856579324e-02
1.182033096926713702e-03
5.122143420015760201e-02
4.058313632781717500e-02
5.200945626477540551e-02
1.654846335697399487e-02
2.718676122931441841e-02
7.880220646178091870e-02
6.185973207249802208e-02
9.180457052797477702e-02
8.431836091410557787e-02
2.915681639085894103e-02
2.600472813238770275e-02
2.718676122931441841e-02
8.156028368794325523e-02
5.003940110323087942e-02
2.797478329393222538e-02
3.073286052009455843e-02
2.009456264775413489e-02
2.758077226162332363e-02
2.797478329393222538e-02
1.221434200157604268e-02
1.103230890464932876e-02
3.467297084318361061e-02
8.274231678486997435e-03
4.215918045705278894e-02
2.639873916469660797e-02
3.152088258471236974e-03
3.349093774625689496e-02
2.639873916469660797e-02
1.694247438928289662e-02
9.456264775413709620e-03
2.521670606776989579e-02
3.703703703703703498e-02
8.116627265563435001e-02
2.561071710007880101e-02
8.274231678486997435e-03
7.880220646178092434e-04
2.639873916469660797e-02
2.088258471237194533e-02
2.364066193853427405e-03
2.009456264775413489e-02
6.304176516942473947e-03
1.891252955082741924e-02
5.122143420015760028e-03
4.570527974783293590e-02
3.349093774625689496e-02
6.776989755713158647e-02
4.412923561859731503e-02
3.782505910165483848e-02
3.073286052009455843e-02
5.319148936170212116e-02
8.747044917257681962e-02
4.097714736012608022e-02
8.077226162332544479e-02
1.619385342789597948e-01
1.903073286052009150e-01
2.316784869976359074e-01
1.300236406619385277e-01
2.119779353821906742e-01
2.029156816390858820e-01
1.650906225374310365e-01
1.280535855003940016e-01
2.722616233254530616e-01
2.978723404255318452e-01
1.966115051221433985e-01
2.742316784869975876e-01
3.136327817178880539e-01
3.006304176516941817e-01
3.014184397163120477e-01
3.995271867612292804e-01
2.474389282899920883e-01
2.777777777777777346e-01
2.576832151300236240e-01
3.096926713947990017e-01
2.955082742316784694e-01
2.876280535855003651e-01
2.588652482269503396e-01
3.471237194641449419e-01
3.337273443656422200e-01
3.542159180457052914e-01
3.490937746256894680e-01
5.090622537431047645e-01
3.069345941686367207e-01
3.152088258471236748e-01
2.959022852639873191e-01
3.695823483057525394e-01
3.278171788810086418e-01
3.333333333333332593e-01
2.060677698975570959e-01
3.215130023640661583e-01
3.987391646966114700e-01
3.896769109535067055e-01
4.176516942474388649e-01
2.769897557131599242e-01
2.596532702915681501e-01
2.974783293932229955e-01
2.230102442868400203e-01
2.364066193853427700e-01
2.494089834515366144e-01
2.647754137115839179e-01
2.403467297084318222e-01
3.029944838455476686e-01
2.659574468085106336e-01
2.817178881008667868e-01
1.883372734436563889e-01
2.714736012608353066e-01
2.273443656422379777e-01
2.675334909377462544e-01
1.859732072498029853e-01
2.785657998423955450e-01
1.142631993695823328e-01
2.261623325453112343e-01
2.048857368006304080e-01
1.725768321513002079e-01
1.091410559495665789e-01
1.930654058313632515e-01
1.773049645390070705e-01
1.071710007880220528e-01
2.415287628053585101e-01
1.130811662726556172e-01
1.497241922773837608e-01
1.678486997635933731e-01
1.599684791174152687e-01
1.158392434988179537e-01
1.146572104018912519e-01
1.221434200157604233e-01
7.880220646178091870e-02
4.452324665090622718e-02
1.087470449172576736e-01
8.589440504334121262e-02
1.895193065405831323e-01
5.634357762017336291e-02
3.309692671394798974e-02
1.312056737588652156e-01
1.189913317572891954e-01
1.434200157604412773e-01
1.509062253743104487e-01
5.713159968479116640e-02
1.016548463356973936e-01
8.786446020488572484e-02
3.546099290780141411e-02
1.237194641449960442e-01
1.371158392434987938e-01
1.355397951142631729e-01
1.217494089834515181e-01
4.964539007092198114e-02
7.683215130023639261e-02
3.624901497241922455e-02
7.131599684791173344e-02
5.594956658786445075e-02
3.033884948778565668e-02
8.077226162332544479e-02
5.319148936170212116e-02
1.142631993695823397e-02
3.309692671394798974e-02
5.122143420015760201e-02
3.073286052009455843e-02
4.137115839243498544e-02
3.703703703703703498e-02
5.358550039401102638e-02
3.388494877856579324e-02
6.304176516942473774e-02
5.988967691095349599e-02
4.767533490937745505e-02
3.270291568163908452e-02
1.694247438928289662e-02
3.270291568163908452e-02
5.082742316784869679e-02
1.773049645390070705e-02
1.182033096926713702e-03
7.880220646178092434e-04
9.456264775413709620e-03
1.773049645390070705e-02
0.000000000000000000e+00
4.018912529550826979e-02
2.285263987391646795e-02
2.758077226162332189e-03
3.940110323089046108e-03
2.364066193853427405e-03
1.457840819542947051e-02
1.497241922773837400e-02
0.000000000000000000e+00
2.167060677698975230e-02
0.000000000000000000e+00
4.885736800630417070e-02
0.000000000000000000e+00
1.103230890464932876e-02
5.516154452324664378e-03
3.546099290780141758e-03
9.062253743104806136e-03
2.994483845547674800e-02
6.422379826635145339e-02
4.058313632781717500e-02
4.334121355397951326e-03
3.270291568163908452e-02
6.698187549251378992e-02
5.319148936170212116e-02
1.028368794326241092e-01
5.752561071710007162e-02
6.422379826635145339e-02
1.099290780141843754e-01
1.134751773049645363e-01
4.373522458628840981e-02
1.532702915681638800e-01
1.753349093774625445e-01
1.796690307328605019e-01
1.245074862096138685e-01
9.653270291568162575e-02
1.465721040189125191e-01
1.694247438928289939e-01
1.556343577620173113e-01
1.650906225374310365e-01
1.993695823483057350e-01
2.293144208037825038e-01
1.185973207249802902e-01
2.135539795114263228e-01
1.497241922773837608e-01
2.151300236406619160e-01
2.159180457052797264e-01
3.380614657210401219e-01
2.226162332545311151e-01
1.548463356973995009e-01
1.891252955082742271e-01
1.930654058313632515e-01
2.876280535855003651e-01
2.316784869976359074e-01
2.167060677698975368e-01
3.100866824271079625e-01
4.223798266351457276e-01
2.186761229314420629e-01
1.792750197005515966e-01
1.233254531126871528e-01
2.541371158392434770e-01
2.178881008668242247e-01
2.273443656422379777e-01
2.490149724192277370e-01
4.081954294720251397e-01
1.879432624113475114e-01
2.210401891252954942e-01
7.013396375098501778e-02
1.532702915681638800e-01
2.549251379038612875e-01
3.010244286840031425e-01
4.263199369582347797e-01
2.391646966115051065e-01
2.072498029944838394e-01
1.690307328605200610e-01
1.591804570527974583e-01
1.958234830575256158e-01
2.139479905437352003e-01
3.349093774625689357e-01
2.576832151300236240e-01
2.423167848699763482e-01
1.863672182821118628e-01
1.544523246650906234e-01
1.335697399527186469e-01
1.130811662726556172e-01
2.269503546099290725e-01
1.607565011820330791e-01
1.895193065405831323e-01
1.556343577620173113e-01
3.565799842395586672e-01
3.423955870764381348e-01
1.272655634357761911e-01
1.792750197005515966e-01
1.556343577620173113e-01
2.234042553191489255e-01
1.836091410559495540e-01
2.612293144208037710e-01
1.272655634357761911e-01
1.418439716312056564e-01
8.904649330181245437e-02
1.410559495665878460e-01
9.101654846335696658e-02
1.528762805358549748e-01
2.301024428684002865e-01
2.198581560283687508e-01
2.135539795114263228e-01
1.040189125295508110e-01
1.241134751773049494e-01
8.431836091410557787e-02
3.309692671394798974e-02
8.747044917257681962e-02
4.846335697399527243e-02
5.555555555555554553e-02
4.531126871552403068e-02
1.032308904649330006e-01
1.509062253743104487e-01
1.930654058313632793e-02
2.285263987391646795e-02
1.339637509850275660e-02
3.546099290780141411e-02
3.073286052009455843e-02
6.501182033096926383e-02
3.546099290780141411e-02
8.668242710795902653e-03
1.379038613081166181e-02
1.576044129235618443e-02
1.576044129235618443e-02
1.024428684003152006e-02
1.654846335697399487e-02
8.668242710795902653e-03
1.182033096926713702e-03
0.000000000000000000e+00
1.930654058313632793e-02
1.773049645390070705e-02
1.733648542159180531e-02
1.615445232466508618e-02
1.182033096926713919e-02
1.182033096926713702e-03
3.743104806934594020e-02
1.812450748620961227e-02
4.334121355397951326e-03
2.521670606776989579e-02
9.062253743104806136e-03
1.142631993695823397e-02
1.970055161544523054e-03
3.546099290780141758e-03
0.000000000000000000e+00
0.000000000000000000e+00
6.698187549251378298e-03
7.880220646178092434e-04
4.728132387706854810e-03
1.221434200157604268e-02
2.758077226162332189e-03
1.497241922773837400e-02
1.103230890464932876e-02
1.024428684003152006e-02
1.221434200157604268e-02
6.816390858944050557e-02
2.048857368006304011e-02
4.491725768321512546e-02
2.127659574468085055e-02
3.033884948778565668e-02
5.003940110323087942e-02
3.230890464933017237e-02
6.461780929866034473e-02
8.786446020488572484e-02
9.062253743104806136e-02
1.666666666666666297e-01
1.528762805358549748e-01
1.627265563435776052e-01
1.300236406619385277e-01
2.710795902285263459e-01
2.821118991331756920e-01
2.742316784869975876e-01
1.950354609929077776e-01
2.107959022852639586e-01
1.674546887312844679e-01
1.359338061465720782e-01
1.784869976359337862e-01
2.182821118991331577e-01
2.639873916469661075e-01
2.828999211977935024e-01
2.935382190701339433e-01
2.667454688731284440e-01
2.107959022852639586e-01
1.386918833727344424e-01
1.776989755713159758e-01
1.997635933806146402e-01
2.584712371946413789e-01
2.088258471237194325e-01
2.943262411347517538e-01
2.832939322301024632e-01
3.735224586288415360e-01
2.943262411347517538e-01
4.495665878644601321e-01
4.527186761229314294e-01
4.720252167060677295e-01
6.087470449172576181e-01
5.098502758077225749e-01
2.844759653270291233e-01
3.798266351457840750e-01
5.094562647754137252e-01
3.782505910165484542e-01
2.572892040977147188e-01
2.844759653270291233e-01
3.171788810086682009e-01
3.022064617809298581e-01
2.340425531914893387e-01
4.239558707643813484e-01
4.007092198581559961e-01
3.148148148148148251e-01
3.349093774625689357e-01
3.286052009456264522e-01
2.332545311268715282e-01
1.895193065405831323e-01
3.132387706855791487e-01
2.620173364854215814e-01
2.040977147360125699e-01
3.471237194641449419e-01
4.381402679275019363e-01
2.549251379038612875e-01
2.718676122931441563e-01
2.155240346729708212e-01
2.080378250591016220e-01
1.654846335697399418e-01
1.375098502758076990e-01
2.013396375098502611e-01
2.123719464144995794e-01
2.765957446808510745e-01
5.831363278171788206e-02
1.312056737588652156e-01
1.524822695035460973e-01
1.083530338849487684e-01
7.565011820330967696e-02
1.430260047281323721e-01
1.954294720252166828e-01
1.071710007880220528e-01
1.178092986603624798e-01
1.241134751773049494e-01
1.115051221434200102e-01
1.052009456264775267e-01
1.276595744680850963e-01
8.747044917257681962e-02
1.327817178881008642e-01
1.650906225374310365e-01
8.983451536643025093e-02
7.013396375098501778e-02
7.171000788022063865e-02
7.013396375098501778e-02
7.998423955870763435e-02
4.649330181245074634e-02
1.040189125295508110e-01
2.155240346729708212e-01
4.334121355397950459e-02
3.152088258471236887e-02
2.285263987391646795e-02
4.294720252167060631e-02
2.561071710007880101e-02
1.851851851851851749e-02
2.442868400315208535e-02
2.915681639085894103e-02
6.895193065405830213e-02
1.773049645390070705e-02
5.910165484633569596e-03
1.300236406619385138e-02
2.403467297084318013e-02
1.260835303388494789e-02
3.585500394011031933e-02
1.379038613081166181e-02
1.970055161544523054e-03
5.200945626477540551e-02
4.570527974783293590e-02
3.940110323089045935e-02
1.103230890464932876e-02
1.970055161544523054e-03
2.009456264775413489e-02
7.092198581560283516e-03
4.452324665090622718e-02
8.195429472025216044e-02
9.456264775413711354e-02
1.107171000788021997e-01
7.604412923561859605e-02
9.889676910953505706e-02
1.008668242710795832e-01
8.865248226950353527e-02
6.501182033096926383e-02
2.167060677698975230e-02
9.141055949566587180e-02
7.092198581560282822e-02
1.249014972419227598e-01
1.686367218282111557e-01
1.871552403467297010e-01
1.516942474389282869e-01
1.493301812450748556e-01
2.371946414499605804e-01
2.726556343577620223e-01
2.308904649330180969e-01
3.884948778565799343e-01
2.828999211977935024e-01
2.754137115839243588e-01
2.462568951930653727e-01
1.516942474389282869e-01
2.533490937746256666e-01
2.895981087470448911e-01
2.060677698975570959e-01
2.427107959022852535e-01
2.395587076438139840e-01
2.817178881008667868e-01
2.383766745468872961e-01
3.128447596532702990e-01
3.215130023640661583e-01
3.664302600472812976e-01
2.742316784869975876e-01
3.684003152088258237e-01
3.116627265563435278e-01
2.328605200945626230e-01
2.163120567375886316e-01
2.119779353821906742e-01
2.695035460992907805e-01
2.486209613869188040e-01
2.647754137115839179e-01
1.780929866036249087e-01
3.289992119779353574e-01
2.895981087470448911e-01
3.364854215918045566e-01
3.175728920409771061e-01
3.033884948778565738e-01
3.601260835303388141e-01
3.861308116627265030e-01
3.301812450748620731e-01
3.534278959810874254e-01
2.419227738376674153e-01
1.981875492513790193e-01
2.324665090622537178e-01
2.714736012608353066e-01
2.474389282899920883e-01
1.977935382190701141e-01
2.080378250591016220e-01
2.293144208037825038e-01
2.832939322301024632e-01
2.765957446808510745e-01
2.592592592592592449e-01
1.355397951142631729e-01
2.127659574468084847e-01
3.195429472025216322e-01
4.255319148936169693e-01
2.572892040977147188e-01
1.966115051221433985e-01
1.379038613081166043e-01
1.505122143420015712e-01
1.449960598896768982e-01
1.134751773049645363e-01
8.628841607565010396e-02
9.810874704491724663e-02
1.264775413711583807e-01
1.355397951142631729e-01
1.402679275019700356e-01
1.016548463356973936e-01
5.752561071710007162e-02
1.698187549251378992e-01
1.182033096926713850e-01
1.229314420803782337e-01
9.692671394799054485e-02
6.028368794326240815e-02
6.855791962174939691e-02
5.122143420015760201e-02
7.486209613869188040e-02
3.940110323089045935e-02
7.368006304176516474e-02
7.013396375098501778e-02
4.767533490937745505e-02
4.176516942474389066e-02
4.412923561859731503e-02
4.412923561859731503e-02
7.052797478329392300e-02
8.747044917257681962e-02
3.782505910165483848e-02
2.679275019700551319e-02
1.576044129235618443e-02
3.506698187549250889e-02
3.230890464933017237e-02
4.334121355397950459e-02
4.846335697399527243e-02
8.747044917257681962e-02
3.979511426319936457e-02
1.142631993695823397e-02
1.260835303388494789e-02
2.048857368006304011e-02
1.103230890464932876e-02
7.880220646178092434e-04
2.009456264775413489e-02
1.182033096926713919e-02
2.364066193853427405e-03
1.182033096926713702e-03
1.339637509850275660e-02
3.073286052009455843e-02
1.694247438928289662e-02
4.452324665090622718e-02
7.762017336485420305e-02
2.639873916469660797e-02
3.664302600472812976e-02
3.270291568163908452e-02
1.576044129235618443e-02
2.245862884160756273e-02
3.427895981087469846e-02
6.067769897557131337e-02
7.328605200945625953e-02
8.077226162332544479e-02
9.101654846335696658e-02
4.806934594168636027e-02
1.075650118203309580e-01
1.800630417651694071e-01
1.335697399527186469e-01
1.185973207249802902e-01
1.658786446020488470e-01
2.096138691883372707e-01
2.529550827423167614e-01
2.423167848699763482e-01
2.474389282899920883e-01
2.927501970055161329e-01
3.037825059101654235e-01
2.951142631993695642e-01
2.151300236406619160e-01
2.758077226162332085e-01
2.060677698975570959e-01
3.427895981087469846e-01
2.994483845547675216e-01
3.506698187549250889e-01
4.546887312844759554e-01
4.862096138691883174e-01
5.220646178092985812e-01
5.063041765169423725e-01
3.305752561071709783e-01
4.306540583136327371e-01
4.598108747044916678e-01
5.133963750985027774e-01
5.717100078802205276e-01
5.425531914893616525e-01
3.967691095350669439e-01
4.921197793538218956e-01
2.931442080378250381e-01
3.498817966903072785e-01
3.877068557919621794e-01
4.696611505122142982e-01
3.408195429472025140e-01
3.979511426319936596e-01
5.019700551615444706e-01
3.841607565011819769e-01
6.513002364066193817e-01
4.558707643814026711e-01
3.530338849487785202e-01
3.904649330181244604e-01
4.814814814814814548e-01
3.652482269503545820e-01
3.163908589440503905e-01
3.049645390070921946e-01
2.545311268715523823e-01
4.298660362490149267e-01
4.661150512214341513e-01
3.979511426319936596e-01
3.845547675334908821e-01
4.168636721828210545e-01
4.436564223798265538e-01
3.471237194641449419e-01
2.683215130023640094e-01
1.658786446020488470e-01
1.989755713159968298e-01
2.340425531914893387e-01
3.282111899133175470e-01
2.391646966115051065e-01
2.143420015760441055e-01
3.305752561071709783e-01
2.659574468085106336e-01
4.156816390858943389e-01
2.620173364854215814e-01
2.167060677698975368e-01
2.301024428684002865e-01
2.691095350669818198e-01
1.796690307328605019e-01
1.753349093774625445e-01
1.828211189913317436e-01
1.292356185973206895e-01
1.162332545311268589e-01
2.356185973207249595e-01
2.635933806146572023e-01
2.364066193853427700e-01
2.596532702915681501e-01
1.824271079590228106e-01
1.513002364066193539e-01
1.327817178881008642e-01
1.402679275019700356e-01
2.080378250591016220e-01
2.135539795114263228e-01
2.391646966115051065e-01
9.850275807722615184e-02
4.491725768321512546e-02
6.973995271867611256e-02
7.959022852639872914e-02
6.776989755713158647e-02
7.565011820330967696e-02
1.209613869188337076e-01
8.865248226950353527e-02
4.885736800630417070e-02
1.138691883372734276e-01
1.079590228526398632e-01
1.028368794326241092e-01
5.555555555555554553e-02
2.994483845547674800e-02
5.200945626477540551e-02
7.643814026792748739e-02
3.940110323089045935e-02
3.073286052009455843e-02
4.018912529550826979e-02
7.407407407407406996e-02
1.457840819542947051e-02
1.970055161544523054e-03
4.334121355397950459e-02
1.182033096926713702e-03
9.850275807722614838e-03
1.970055161544522968e-02
1.970055161544522968e-02
6.579984239558706038e-02
5.634357762017336291e-02
6.658786446020487082e-02
4.255319148936170109e-02
1.118991331757289015e-01
7.289204097714735431e-02
5.003940110323087942e-02
8.471237194641449697e-02
1.260835303388494755e-01
1.205673758865248163e-01
1.426319936958234669e-01
1.678486997635933731e-01
1.020488573680062849e-01
1.375098502758076990e-01
2.710795902285263459e-01
1.812450748620961227e-01
1.079590228526398632e-01
1.875492513790386062e-01
3.396375098502757983e-01
3.018124507486208974e-01
2.982663514578408059e-01
3.345153664302600305e-01
2.895981087470448911e-01
4.578408195429471417e-01
4.223798266351457276e-01
3.719464144996059707e-01
4.030732860520094274e-01
4.877856579984238827e-01
4.795114263199369287e-01
4.558707643814026711e-01
5.256107171000787837e-01
5.114263199369581958e-01
5.902285263987391284e-01
7.931442080378250381e-01
6.457840819542947086e-01
6.221434200157603955e-01
7.438928289992119414e-01
6.674546887312844401e-01
6.446020488573679375e-01
5.043341213553979019e-01
4.590228526398738573e-01
4.275019700551614954e-01
3.392434988179668376e-01
3.735224586288415360e-01
7.474389282899920328e-01
6.855791962174939691e-01
6.611505122143419566e-01
5.602836879432623318e-01
6.221434200157603955e-01
5.646178092986603447e-01
5.370370370370369795e-01
3.774625689519305882e-01
5.437352245862883127e-01
4.692671394799053930e-01
7.182821118991331577e-01
6.205673758865247747e-01
5.791962174940897823e-01
4.184397163120567309e-01
4.795114263199369287e-01
4.956658786446019871e-01
4.877856579984238827e-01
5.724980299448384491e-01
5.185185185185184897e-01
5.654058313632781552e-01
4.633569739952718147e-01
4.003152088258470354e-01
3.735224586288415360e-01
4.322301024428683580e-01
4.468085106382978511e-01
4.184397163120567309e-01
3.293932230102442071e-01
3.585500394011031933e-01
3.356973995271867461e-01
2.021276595744680438e-01
2.419227738376674153e-01
2.159180457052797264e-01
2.131599684791173899e-01
2.360126083530338648e-01
2.360126083530338648e-01
2.202521670606776838e-01
3.660362490149723924e-01
4.275019700551614954e-01
3.963750985027580387e-01
2.423167848699763482e-01
2.403467297084318222e-01
3.274231678486997366e-01
2.033096926713947872e-01
2.064617809298660012e-01
1.804570527974783123e-01
1.603624901497242017e-01
8.944050433412134571e-02
8.668242710795900918e-02
1.146572104018912519e-01
9.219858156028366836e-02
1.434200157604412773e-01
1.548463356973995009e-01
2.163120567375886316e-01
1.111111111111110911e-01
9.377462568951930311e-02
8.707643814026792828e-02
1.351457840819542677e-01
1.044129235618597162e-01
1.536643026004727922e-02
3.940110323089045935e-02
1.095350669818754841e-01
4.925137903861307592e-02
8.589440504334121262e-02
3.388494877856579324e-02
9.259259259259258745e-02
7.604412923561859605e-02
3.230890464933017237e-02
6.304176516942473947e-03
9.850275807722614838e-03
7.880220646178092434e-04
1.970055161544523054e-03
4.294720252167060631e-02
7.092198581560283516e-03
3.152088258471236974e-03
7.880220646178092434e-04
1.891252955082741924e-02
3.309692671394798974e-02
5.910165484633569596e-03
2.758077226162332363e-02
3.624901497241922455e-02
2.994483845547674800e-02
9.101654846335696658e-02
8.195429472025216044e-02
1.930654058313632793e-02
4.452324665090622718e-02
1.138691883372734276e-01
1.249014972419227598e-01
1.052009456264775267e-01
1.603624901497242017e-01
1.682427107959022783e-01
2.304964539007091917e-01
3.514578408195428993e-01
3.029944838455476686e-01
2.899921197793537964e-01
4.885736800630416932e-01
4.665090622537430565e-01
4.361702127659574102e-01
5.382190701339636396e-01
4.594168636721827625e-01
5.086682427107958038e-01
6.682427107959022505e-01
6.824271079590227274e-01
6.118991331757288599e-01
7.931442080378250381e-01
7.568951930654057580e-01
6.501182033096926105e-01
5.130023640661937057e-01
6.201733648542159250e-01
6.903073286052008317e-01
6.485421591804569896e-01
7.907801418439714958e-01
7.375886524822693469e-01
6.225374310480692452e-01
9.290780141843971718e-01
1.000000000000000000e+00
8.309692671394798280e-01
9.432624113475176486e-01
7.978723404255317897e-01
6.497241922773837608e-01
7.513790386130810850e-01
7.722616233254530060e-01
6.907013396375097924e-01
6.757289204097713942e-01
7.541371158392434770e-01
7.888100866824270252e-01
7.927501970055160774e-01
7.151300236406619160e-01
6.000788022064618144e-01
7.391646966115050787e-01
8.565799842395586117e-01
5.638297872340424233e-01
7.316784869976358241e-01
6.434200157604412773e-01
6.776989755713159758e-01
6.646966115051220481e-01
5.894405043341213180e-01
7.864460204885735939e-01
5.721040189125294884e-01
4.389282899921197467e-01
4.885736800630416932e-01
4.925137903861307453e-01
5.764381402679275013e-01
4.176516942474388649e-01
4.026792750197005222e-01
4.806934594168636443e-01
4.712371946414499191e-01
4.342001576044128841e-01
4.795114263199369287e-01
5.283687943262410647e-01
5.011820330969266601e-01
3.262411347517730209e-01
3.530338849487785202e-01
3.372734436564223115e-01
2.281323877068557604e-01
1.816390858944050279e-01
2.088258471237194325e-01
2.419227738376674153e-01
2.009456264775413559e-01
3.049645390070921946e-01
2.765957446808510745e-01
2.198581560283687508e-01
2.505910165484633301e-01
1.485421591804570451e-01
1.284475965327029068e-01
1.572104018912529322e-01
1.524822695035460973e-01
1.981875492513790193e-01
1.796690307328605019e-01
1.828211189913317436e-01
1.721828211189913305e-01
1.654846335697399418e-01
8.589440504334121262e-02
8.589440504334121262e-02
2.021276595744680438e-01
1.556343577620173113e-01
1.059889676910953371e-01
9.141055949566587180e-02
7.801418439716312214e-02
9.613869188337272054e-02
6.737588652482269513e-02
1.154452324665090485e-01
1.694247438928289939e-01
1.414499605988967512e-01
7.722616233254531171e-02
1.308116627265563381e-01
1.528762805358549748e-01
1.390858944050433199e-01
9.219858156028366836e-02
5.870764381402678728e-02
6.028368794326240815e-02
6.973995271867611256e-02
6.501182033096926383e-02
3.388494877856579324e-02
3.743104806934594020e-02
3.585500394011031933e-02
1.221434200157604268e-02
3.664302600472812976e-02
1.851851851851851749e-02
2.403467297084318013e-02
2.915681639085894103e-02
5.949566587864459771e-02
6.895193065405830213e-02
5.594956658786445075e-02
4.609929078014183418e-02
2.679275019700551319e-02
9.495665878644601876e-02
6.264775413711583252e-02
4.688731284475965155e-02
3.506698187549250889e-02
6.619385342789597948e-02
7.919621749408983780e-02
6.225374310480693424e-02
6.698187549251378992e-02
1.111111111111110911e-01
9.613869188337272054e-02
9.968479117415286750e-02
1.918833727344365636e-01
1.784869976359337862e-01
1.879432624113475114e-01
2.234042553191489255e-01
2.017336485421591663e-01
1.977935382190701141e-01
2.253743104806934516e-01
2.253743104806934516e-01
2.773837667454688849e-01
4.369582348305752206e-01
3.687943262411346734e-01
4.405043341213553676e-01
2.738376674546886824e-01
3.408195429472025140e-01
2.651694247438927676e-01
3.605200945626477194e-01
4.223798266351457276e-01
3.026004728132387078e-01
3.475177304964539027e-01
3.715524034672970100e-01
4.980299448384554739e-01
4.799054373522457784e-01
4.408983451536642728e-01
3.632781717888100559e-01
3.199369582348305374e-01
5.011820330969266601e-01
4.345941686367217893e-01
3.786446020488573039e-01
4.306540583136327371e-01
4.617809298660361939e-01
4.243498817966902537e-01
3.388494877856579879e-01
4.326241134751772632e-01
4.113475177304964370e-01
4.747832939322300660e-01
5.350669818754925089e-01
4.208037825059101067e-01
4.728132387706855400e-01
4.176516942474388649e-01
3.814026792750196404e-01
3.861308116627265030e-01
3.597320724980299089e-01
3.770685579196217385e-01
3.684003152088258237e-01
3.857368006304176533e-01
4.393223010244286519e-01
5.035460992907800915e-01
4.054373522458628587e-01
4.314420803782505476e-01
5.023640661938534313e-01
4.208037825059101067e-01
4.432624113475177041e-01
3.664302600472812976e-01
3.920409771473600813e-01
3.412135539795113637e-01
3.750985027580772124e-01
3.289992119779353574e-01
3.597320724980299089e-01
3.112687155240346226e-01
2.391646966115051065e-01
2.828999211977935024e-01
2.265563435776201395e-01
1.962174940898344933e-01
3.191489361702127270e-01
2.419227738376674153e-01
1.977935382190701141e-01
2.037037037037036924e-01
2.490149724192277370e-01
3.238770685579195896e-01
2.423167848699763482e-01
3.483057525610717131e-01
3.156028368794325800e-01
2.490149724192277370e-01
3.171788810086682009e-01
3.467297084318360367e-01
3.014184397163120477e-01
3.026004728132387078e-01
2.521670606776989509e-01
2.415287628053585101e-01
1.639085894405043209e-01
1.784869976359337862e-01
1.710007880220645871e-01
1.690307328605200610e-01
1.812450748620961227e-01
2.273443656422379777e-01
1.670606776989755626e-01
1.556343577620173113e-01
9.101654846335696658e-02
1.008668242710795832e-01
2.336485421591804335e-01
1.209613869188337076e-01
9.416863672182819445e-02
9.180457052797477702e-02
1.087470449172576736e-01
1.024428684003152040e-01
8.392434988179668653e-02
1.587864460204885531e-01
1.556343577620173113e-01
1.418439716312056564e-01
2.198581560283687508e-01
1.323877068557919590e-01
1.583924349881796756e-01
1.855791962174940801e-01
9.850275807722615184e-02
8.077226162332544479e-02
7.446808510638296130e-02
4.531126871552403068e-02
4.531126871552403068e-02
2.009456264775413489e-02
3.546099290780141411e-02
4.491725768321512546e-02
1.111111111111110911e-01
1.564223798266351495e-01
5.476753349093774204e-02
3.585500394011031933e-02
7.643814026792748739e-02
3.073286052009455843e-02
3.191489361702127409e-02
1.694247438928289662e-02
8.628841607565010396e-02
7.407407407407406996e-02
4.885736800630417070e-02
4.806934594168636027e-02
7.486209613869186999e-03
6.461780929866034473e-02
5.319148936170212116e-02
8.116627265563435001e-02
2.048857368006304011e-02
6.028368794326240815e-02
6.461780929866034473e-02
9.101654846335696658e-02
3.427895981087469846e-02
5.082742316784869679e-02
7.328605200945625953e-02
1.516942474389282869e-01
8.431836091410557787e-02
1.185973207249802902e-01
1.733648542159180184e-01
1.725768321513002079e-01
1.146572104018912519e-01
1.702127659574468044e-01
2.044917257683214751e-01
3.687943262411346734e-01
3.014184397163120477e-01
3.928289992119778917e-01
3.258471237194641157e-01
3.747044917257682517e-01
2.773837667454688849e-01
2.289204097714735708e-01
5.445232466509061231e-01
4.929078014184396506e-01
3.857368006304176533e-01
4.834515366430259808e-01
6.564223798266350940e-01
5.417651694247438421e-01
5.437352245862883127e-01
3.999211977935381856e-01
5.295508274231678358e-01
5.890464933018123572e-01
6.280535855003939183e-01
5.602836879432623318e-01
7.423167848699763205e-01
7.336485421591802947e-01
7.222222222222222099e-01
6.946414499605988446e-01
6.288416075650117287e-01
6.107171000788021997e-01
4.972419227738376080e-01
6.465721040189124080e-01
7.088258471237194325e-01
6.197793538219069642e-01
5.370370370370369795e-01
5.334909377462568880e-01
6.107171000788021997e-01
6.489361702127658393e-01
5.827423167848699848e-01
6.871552403467297010e-01
4.491725768321512824e-01
5.567375886524822404e-01
5.338849487785657377e-01
6.162332545311268728e-01
5.023640661938534313e-01
3.581560283687942881e-01
5.665878644602049263e-01
6.252955082742315263e-01
6.591804570527974860e-01
6.398739164696610748e-01
5.417651694247438421e-01
5.914105594956657885e-01
4.381402679275019363e-01
6.446020488573679375e-01
6.059889676910953371e-01
4.806934594168636443e-01
3.238770685579195896e-01
4.349881796690306945e-01
4.180457052797477702e-01
4.239558707643813484e-01
4.680851063829786773e-01
3.731284475965326863e-01
3.865248226950354082e-01
5.003940110323088497e-01
3.321513002364065992e-01
2.009456264775413559e-01
2.620173364854215814e-01
3.179669030732860113e-01
3.908589440504333656e-01
3.589440504334120985e-01
3.238770685579195896e-01
2.828999211977935024e-01
1.981875492513790193e-01
2.198581560283687508e-01
1.312056737588652156e-01
1.315996847911741208e-01
2.245862884160756412e-01
3.364854215918045566e-01
3.289992119779353574e-01
2.746256895193065484e-01
3.010244286840031425e-01
1.816390858944050279e-01
1.473601260835303295e-01
1.004728132387706779e-01
6.185973207249802208e-02
4.728132387706855677e-02
8.983451536643025093e-02
7.368006304176516474e-02
6.501182033096926383e-02
6.264775413711583252e-02
6.776989755713158647e-02
6.382978723404254817e-02
1.083530338849487684e-01
9.535066981875491010e-02
1.209613869188337076e-01
4.373522458628840981e-02
1.536643026004727922e-02
7.328605200945625953e-02
6.382978723404254817e-02
6.816390858944050557e-02
9.850275807722614838e-03
9.141055949566587180e-02
5.949566587864459771e-02
7.289204097714735431e-02
5.397951142631993160e-02
4.334121355397951326e-03
7.131599684791173344e-02
2.915681639085894103e-02
1.497241922773837400e-02
1.394799054373522251e-01
5.988967691095349599e-02
2.679275019700551319e-02
4.097714736012608022e-02
9.456264775413709620e-03
5.791962174940897684e-02
1.560283687943262443e-01
1.300236406619385277e-01
6.855791962174939691e-02
1.300236406619385277e-01
1.524822695035460973e-01
1.335697399527186469e-01
2.387706855791962013e-01
1.572104018912529322e-01
1.067769897557131614e-01
2.324665090622537178e-01
1.576044129235618374e-01
3.002364066193853320e-01
3.467297084318360367e-01
2.368006304176516752e-01
4.011032308904649013e-01
4.483845547675334164e-01
4.397163120567375016e-01
4.732072498029943897e-01
4.929078014184396506e-01
4.929078014184396506e-01
7.060677698975570404e-01
6.355397951142631729e-01
6.505122143420014602e-01
5.177304964539006793e-01
5.145784081954294376e-01
5.457052797478328943e-01
7.730496453900708165e-01
5.000000000000000000e-01
6.654846335697398585e-01
6.962174940898343545e-01
6.280535855003939183e-01
6.816390858944050279e-01
6.520882584712370811e-01
6.985815602836878968e-01
5.141843971631204768e-01
5.527974783293931882e-01
5.508274231678487176e-01
5.200945626477541106e-01
4.144996059889676787e-01
5.791962174940897823e-01
